%YAML:1.0
CM1: !!opencv-matrix
   rows: 3
   cols: 3
   dt: d
   data: [ 9.9504656975566536e+02, 0., 2.7846917307775749e+02, 0.,
       9.9355553268219751e+02, 2.4628187973706869e+02, 0., 0., 1. ]
CM2: !!opencv-matrix
   rows: 3
   cols: 3
   dt: d
   data: [ 1.0023933635729328e+03, 0., 2.8543245916163050e+02, 0.,
       1.0012933622005828e+03, 2.3184095009736606e+02, 0., 0., 1. ]
D1: !!opencv-matrix
   rows: 1
   cols: 5
   dt: d
   data: [ -4.9627935676898050e-02, -6.2942165998784294e-01,
       1.0724944486568116e-03, 1.6051955240015926e-03,
       3.4231506456828300e+00 ]
D2: !!opencv-matrix
   rows: 1
   cols: 5
   dt: d
   data: [ -1.8012689772881285e-01, 1.6849587870257190e+00,
       2.0050270122888162e-03, 6.3694892119037184e-04,
       -8.1167079808602551e+00 ]
R: !!opencv-matrix
   rows: 3
   cols: 3
   dt: d
   data: [ 9.9974958374290157e-01, -1.2568962922310653e-02,
       1.8514615225620260e-02, 1.2416387869511500e-02,
       9.9988819243544191e-01, 8.3328230785636066e-03,
       -1.8617280095895781e-02, -8.1008517603011754e-03,
       9.9979386529553615e-01 ]
T: !!opencv-matrix
   rows: 3
   cols: 1
   dt: d
   data: [ -8.6647590720512593e+00, 7.8950166147883222e-02,
       2.0557305616561944e-01 ]
E: !!opencv-matrix
   rows: 3
   cols: 3
   dt: d
   data: [ -4.0223121576658544e-03, -2.0618963513528596e-01,
       7.7220887871969235e-02, 4.4207330722501853e-02,
       -7.2775768902183777e-02, 8.6667790705363519e+00,
       -1.8651540517723614e-01, -8.6627979647309079e+00,
       -7.3663636314008962e-02 ]
F: !!opencv-matrix
   rows: 3
   cols: 3
   dt: d
   data: [ -4.9805834575353366e-08, -2.5569517978957193e-06,
       1.5950430054832681e-03, 5.4799372860055387e-07,
       -9.0348169740593472e-07, 1.0697107443027512e-01,
       -2.4278650098050877e-03, -1.0674492208806591e-01, 1. ]
R1: !!opencv-matrix
   rows: 3
   cols: 3
   dt: d
   data: [ 9.9975532641755926e-01, -2.1480453951982049e-02,
       -5.2799050877960566e-03, 2.1502569652063257e-02,
       9.9976010405798843e-01, 4.1681929319654998e-03,
       5.1891037836532296e-03, -4.2807046121751532e-03,
       9.9997737412900789e-01 ]
R2: !!opencv-matrix
   rows: 3
   cols: 3
   dt: d
   data: [ 9.9967720304885221e-01, -9.1086988823010119e-03,
       -2.3717531682186804e-02, 9.0084098682674529e-03,
       9.9995004037486201e-01, -4.3318940380814887e-03,
       2.3755804681577682e-02, 4.1168384694365403e-03,
       9.9970931444342725e-01 ]
P1: !!opencv-matrix
   rows: 3
   cols: 4
   dt: d
   data: [ 9.7251028550738420e+02, 0., 2.9720825576782227e+02, 0., 0.,
       9.7251028550738420e+02, 2.3882382392883301e+02, 0., 0., 0., 1.,
       0. ]
P2: !!opencv-matrix
   rows: 3
   cols: 4
   dt: d
   data: [ 9.7251028550738420e+02, 0., 2.9720825576782227e+02,
       -8.4292882675663823e+03, 0., 9.7251028550738420e+02,
       2.3882382392883301e+02, 0., 0., 0., 1., 0. ]
Q: !!opencv-matrix
   rows: 4
   cols: 4
   dt: d
   data: [ 1., 0., 0., -2.9720825576782227e+02, 0., 1., 0.,
       -2.3882382392883301e+02, 0., 0., 0., 9.7251028550738420e+02, 0.,
       0., 1.1537276394370569e-01, 0. ]
