%YAML:1.0
CM1: !!opencv-matrix
   rows: 3
   cols: 3
   dt: d
   data: [ 1.0391355898396489e+03, 0., 2.8276757793534244e+02, 0.,
       1.0368841510288441e+03, 3.0748088043424877e+02, 0., 0., 1. ]
CM2: !!opencv-matrix
   rows: 3
   cols: 3
   dt: d
   data: [ 1.0541019650756600e+03, 0., 2.2578754343194510e+02, 0.,
       1.0497495911224166e+03, 2.8500332246576818e+02, 0., 0., 1. ]
D1: !!opencv-matrix
   rows: 1
   cols: 5
   dt: d
   data: [ -2.0253057110035380e-01, 1.2082472620740454e+00,
       3.8536068704044463e-03, 5.9318419292333667e-04,
       -5.3721527610975288e+00 ]
D2: !!opencv-matrix
   rows: 1
   cols: 5
   dt: d
   data: [ -4.8438114078685757e-01, 5.8937812095979947e+00,
       -4.7829269163777842e-04, -5.8319646934956370e-03,
       -3.1586227259484019e+01 ]
R: !!opencv-matrix
   rows: 3
   cols: 3
   dt: d
   data: [ 9.9810347290179990e-01, -1.7326343019230729e-02,
       5.9069918054335799e-02, 1.6833956813666513e-02,
       9.9981936867214216e-01, 8.8231471729040018e-03,
       -5.9212121051028077e-02, -7.8120333856856791e-03,
       9.9821485505627461e-01 ]
T: !!opencv-matrix
   rows: 3
   cols: 1
   dt: d
   data: [ -3.4096154016442508e+00, 1.3038266562704334e-02,
       6.2079068167770735e-01 ]
E: !!opencv-matrix
   rows: 3
   cols: 3
   dt: d
   data: [ -1.1222386943695543e-02, -6.2078040280623348e-01,
       7.5376638190651664e-03, 4.1772277542798630e-01,
       -3.7392061643883007e-02, 3.4401987986455547e+00,
       -7.0410857559346132e-02, -3.4087736128079258e+00,
       -3.0853707829136944e-02 ]
F: !!opencv-matrix
   rows: 3
   cols: 3
   dt: d
   data: [ -1.9970337442574492e-07, -1.1070829081605821e-05,
       3.5999207008006805e-03, 7.4642336933970193e-06,
       -6.6960465992814268e-07, 6.1973471267243424e-02,
       -3.4029963472631806e-03, -6.1389568112346415e-02,
       9.9999999999999989e-01 ]
R1: !!opencv-matrix
   rows: 3
   cols: 3
   dt: d
   data: [ 9.9249638683742569e-01, -1.9408077729502180e-02,
       -1.2072385279430421e-01, 2.0008086903856880e-02,
       9.9979274867231249e-01, 3.7598086001749452e-03,
       1.2062586195796879e-01, -6.1470497889507900e-03,
       9.9267900914937723e-01 ]
R2: !!opencv-matrix
   rows: 3
   cols: 3
   dt: d
   data: [ 9.8381921346524481e-01, -3.7620950293936438e-03,
       -1.7912454286785207e-01, 2.8694804991369156e-03,
       9.9998214339602209e-01, -5.2420387982822269e-03,
       1.7914106535993424e-01, 4.6432241048041875e-03,
       9.8381244105348675e-01 ]
P1: !!opencv-matrix
   rows: 3
   cols: 4
   dt: d
   data: [ 9.7592152471371116e+02, 0., 4.0906987190246582e+02, 0., 0.,
       9.7592152471371116e+02, 3.0247665977478027e+02, 0., 0., 0., 1.,
       0. ]
P2: !!opencv-matrix
   rows: 3
   cols: 4
   dt: d
   data: [ 9.7592152471371116e+02, 0., 4.0906987190246582e+02,
       -3.3822444366985937e+03, 0., 9.7592152471371116e+02,
       3.0247665977478027e+02, 0., 0., 0., 1., 0. ]
Q: !!opencv-matrix
   rows: 4
   cols: 4
   dt: d
   data: [ 1., 0., 0., -4.0906987190246582e+02, 0., 1., 0.,
       -3.0247665977478027e+02, 0., 0., 0., 9.7592152471371116e+02, 0.,
       0., 2.8854257667618705e-01, 0. ]
