%YAML:1.0
CM1: !!opencv-matrix
   rows: 3
   cols: 3
   dt: d
   data: [ 9.0394038777403284e+02, 0., 2.9903765553748912e+02, 0.,
       8.9900975888605615e+02, 3.6513245560496154e+02, 0., 0., 1. ]
CM2: !!opencv-matrix
   rows: 3
   cols: 3
   dt: d
   data: [ 9.1398375170888164e+02, 0., 2.9690128741797679e+02, 0.,
       9.1563840764340057e+02, 2.8295488135938700e+02, 0., 0., 1. ]
D1: !!opencv-matrix
   rows: 1
   cols: 5
   dt: d
   data: [ -4.8485189318394156e-01, 2.5707132470617235e+00,
       -6.2813622250609451e-03, 8.2274392270978453e-03,
       -6.3009794419364251e+00 ]
D2: !!opencv-matrix
   rows: 1
   cols: 5
   dt: d
   data: [ -1.7983329822623156e-01, 3.9643961808631312e-01,
       4.8073686635076978e-03, 7.2978382764900636e-03,
       -1.6288765977186204e+00 ]
R: !!opencv-matrix
   rows: 3
   cols: 3
   dt: d
   data: [ 9.9985799589792446e-01, -1.5752511826815682e-02,
       5.9871871636166616e-03, 1.5282442063934139e-02,
       9.9730338861869183e-01, 7.1780206284442247e-02,
       -7.1017605949961794e-03, -7.1678514359748133e-02,
       9.9740250429584887e-01 ]
T: !!opencv-matrix
   rows: 3
   cols: 1
   dt: d
   data: [ -3.4919030068805390e+00, 3.1555326410010048e-02,
       1.6646780082615836e-01 ]
E: !!opencv-matrix
   rows: 3
   cols: 3
   dt: d
   data: [ -2.7681328952971446e-03, -1.6828074077703564e-01,
       1.9524268502197871e-02, 1.4164550253976466e-01,
       -2.5291670582283243e-01, 3.4838294777011165e+00,
       -8.4915650819746752e-02, -3.4819896258372878e+00,
       -2.5083844580437503e-01 ]
F: !!opencv-matrix
   rows: 3
   cols: 3
   dt: d
   data: [ -4.8722214683373986e-08, -2.9781727443863893e-06,
       1.4126353513205874e-03, 2.4886129001063441e-06,
       -4.4679413127289455e-06, 5.6215999868035216e-02,
       -2.0557485573289994e-03, -5.4173985243541931e-02, 1. ]
R1: !!opencv-matrix
   rows: 3
   cols: 3
   dt: d
   data: [ 9.9888329199647863e-01, -2.1322675980665472e-02,
       -4.2160555728086246e-02, 2.2830278019562628e-02,
       9.9910507768000578e-01, 3.5606490413672483e-02,
       4.1363599647842399e-02, -3.6529265569581700e-02,
       9.9847617166416147e-01 ]
R2: !!opencv-matrix
   rows: 3
   cols: 3
   dt: d
   data: [ 9.9882490903901888e-01, -9.0260943585970498e-03,
       -4.7616496131330073e-02, 7.3018041963929152e-03,
       9.9931562318450695e-01, -3.6262500118411249e-02,
       4.7911217253090187e-02, 3.5872202051030269e-02,
       9.9820724320220056e-01 ]
P1: !!opencv-matrix
   rows: 3
   cols: 4
   dt: d
   data: [ 8.1271892372809987e+02, 0., 3.2656424713134766e+02, 0., 0.,
       8.1271892372809987e+02, 3.4344781303405762e+02, 0., 0., 0., 1.,
       0. ]
P2: !!opencv-matrix
   rows: 3
   cols: 4
   dt: d
   data: [ 8.1271892372809987e+02, 0., 3.2656424713134766e+02,
       -2.8412744093910092e+03, 0., 8.1271892372809987e+02,
       3.4344781303405762e+02, 0., 0., 0., 1., 0. ]
Q: !!opencv-matrix
   rows: 4
   cols: 4
   dt: d
   data: [ 1., 0., 0., -3.2656424713134766e+02, 0., 1., 0.,
       -3.4344781303405762e+02, 0., 0., 0., 8.1271892372809987e+02, 0.,
       0., 2.8604027863056558e-01, 0. ]
